0
8
10
11
15
20
30
32
35
42
47
49
51
61
69
73
75
78
80
84
86
88
95
96
102
117
128
139
144
147
155
163
165
180
189
197
202
225
232
238
251
284
287
293
296
297
331
358
362
364
365
373
377
379
388
391
393
395
398
402
417
427
431
435
442
445
451
456
460
469
472
473
489
494
504
505
506
514
518
537
541
558
588
590
593
594
605
611
626
639
649
650
686
689
692
695
714
730
733
737
744
745
751
763
779
791
795
798
807
810
827
831
852
853
873
876
884
888
890
891
892
894
902
908
918
921
924
932
937
944
952
955
958
961
978
979
982
983
985
996
1017
1020
1033
1039
1041
1049
1051
1062
1074
1083
1087
1091
1097
1102
1110
1112
1113
1124
1127
1138
1143
1144
1145
1150
1153
1158
1166
1168
1169
1171
1179
1183
1188
1190
1199
1203
1209
1212
1226
1236
1245
1246
1261
1276
1291
1296
1300
1315
1318
1330
1334
1340
1346
1348
1349
1359
1366
1388
1389
1391
1397
1398
1403
1405
1406
1411
1425
1431
1437
1468
1469
1474
1482
1489
1509
1513
1515
1521
1535
1546
1556
1561
1569
1570
1571
1572
1573
1574
1589
1602
1616
1620
1622
1633
1634
1637
1639
1654
1664
1667
1670
1671
1677
1679
1680
1683
1691
1700
1701
1709
1710
1729
1730
1744
1745
1752
1761
1762
1764
1765
1776
1786
1788
1796
1797
1798
1809
1838
1854
1855
1857
1874
1890
1903
1920
1944
1963
1966
1974
1979
1988
1991
1993
2002
2003
2007
2016
2025
2035
2048
2053
2056
2072
2082
2083
2094
2116
2125
2128
2134
2136
2137
2140
2143
2154
2164
2165
2172
2173
2199
2208
2211
2214
2219
2226
2240
2243
2249
2255
2262
2264
2272
2290
2296
2309
2320
2321
2337
2344
2354
2361
2371
2374
2379
2403
2409
2416
2431
2433
2458
2465
2477
2504
2507
2517
2518
2521
2527
2537
2546
2550
2557
2559
2572
2605
2611
2617
2618
2626
2627
2636
2640
2643
2645
2650
2676
2680
2683
2688
2690
2700
2704
2712
2721
2724
2725
2736
2737
2744
2749
2750
2753
2763
2772
2774
2786
2792
2835
2837
2844
2847
2858
2860
2877
2878
2883
2886
2890
2898
2900
2902
2917
2919
2925
2932
2937
2948
2955
2960
2982
2983
3024
3030
3039
3040
3054
3061
3072
3073
3080
3087
3092
3105
3107
3108
3116
3119
3122
3136
3156
3164
3178
3184
3193
3195
3200
3207
3217
3221
3227
3228
3233
3234
3236
3239
3241
3243
3247
3256
3258
3260
3264
3270
3273
3279
3285
3287
3288
3292
3317
3325
3331
3336
3342
3345
3361
3373
3382
3386
3388
3395
3399
3407
3428
3441
3449
3452
3456
3465
3476
3494
3499
3502
3506
3515
3525
3531
3539
3540
3558
3564
3569
3570
3575
3584
3592
3597
3603
3605
3608
3610
3621
3626
3628
3641
3643
3661
3675
3676
3677
3680
3690
3699
3709
3711
3721
3722
3734
3744
3746
3754
3759
3776
3782
3783
3791
3813
3814
3817
3819
3826
3827
3846
3853
3856
3861
3868
3877
3890
3899
3909
3913
3916
3917
3925
3942
3947
3955
3963
3964
3968
3973
3978
3983
4000
4023
4033
4037
4038
4059
4069
4078
4081
4083
4094
4103
4106
4107
4115
4126
4146
4162
4165
4166
4169
4174
4178
4190
4205
4206
4212
4213
4214
4222
4224
4228
4230
4241
4246
4248
4249
4259
4264
4273
4294
4303
4306
4338
4349
4357
4360
4366
4368
4375
4387
4393
4395
4400
4408
4454
4458
4463
4468
4470
4477
4487
4496
4506
4510
4513
4522
4523
4534
4539
4549
4554
4556
4559
4569
4584
4587
4592
4597
4599
10191
10194
10195
10197
10212
10217
10221
10228
10234
10235
10237
10249
10257
10266
10273
10279
10286
10289
10295
10296
10303
10304
10306
10310
10311
10331
10336
10340
10365
10367
10388
10412
10417
10422
10453
10462
10467
10468
10473
10475
10483
10503
10511
10513
10515
10517
10518
10553
10555
10565
10566
10577
10585
10597
10601
10607
10610
10613
10632
10636
10638
10660
10664
10671
10678
10684
10695
10716
10724
10726
10734
10740
10748
10764
10818
10822
10846
10848
10858
10861
10863
10869
10876
10882
10917
10919
10922
10929
10930
