47
90
120
123
127
139
154
156
175
196
231
251
262
311
314
439
440
473
475
479
495
515
532
544
559
567
627
629
632
642
646
669
699
710
726
729
740
746
750
782
795
798
816
827
833
848
850
852
853
859
866
869
878
885
894
895
908
912
914
946
950
953
958
983
1011
1013
1029
1032
1036
1037
1038
1040
1054
1060
1070
1076
1077
1082
1106
1110
1114
1127
1140
1150
1151
1162
1174
1178
1183
1184
1200
1214
1221
1227
1240
1243
1245
1246
1247
1250
1252
1280
1289
1292
1295
1309
1319
1324
1330
1339
1345
1348
1361
1366
1372
1374
1385
1400
1405
1423
1430
1432
1434
1450
1464
1467
1470
1484
1491
1498
1510
1512
1517
1518
1529
1534
1542
1573
1574
1583
1590
1592
1605
1608
1615
1626
1628
1641
1649
1655
1664
1665
1675
1685
1691
1694
1707
1715
1718
1737
1753
1755
1763
1770
1781
1795
1801
1802
1817
1823
1824
1825
1839
1864
1868
1870
1874
1881
1882
1883
1886
1893
1897
1898
1904
1906
1915
1916
1942
1949
1951
1955
1962
1990
1996
1997
2011
2013
2015
2023
2026
2038
2042
2044
2056
2074
2077
2084
2090
2095
2102
2121
2123
2143
2144
2149
2160
2172
2194
2196
2221
2227
2232
2233
2234
2236
2241
2243
2251
2295
2310
2324
2339
2343
2347
2356
2383
5682
5684
5690
5700
5710
5741
5767
5770
5776
5802
5804
5807
5817
5822
5841
5848
5850
5853
5870
5883
5888
5890
5892
5894
5904
5909
5910
5924
5927
5932
5935
5937
5945
5946
5955
5988
5993
5999
6000
6014
6018
6026
6029
6055
6102
6113
6120
6128
6129
6130
6140
6154
6164
6193
6200
6205
6212
6214
6217
6219
6224
6243
6255
6265
6269
6290
6292
6293
6301
6311
6314
6316
6327
6329
6338
6345
6346
6349
6365
6366
6372
6385
6387
6391
6392
6396
6410
6412
6415
6416
6440
6453
6463
6469
6475
6479
6483
6498
6512
6518
6524
6527
6536
6552
6560
6561
6577
6583
6586
6588
6591
6592
6618
6636
6637
6645
6663
6670
6671
6675
6676
6686
6701
6702
6710
6719
6734
6746
6757
6760
6766
6777
6782
6793
6802
6803
6804
6817
6824
6834
6837
6844
6845
6847
6848
6858
6859
6867
6887
6891
6892
6896
6903
6905
6907
6909
6926
6943
6957
6958
6970
6984
6990
7019
7021
7027
7030
7042
7056
7059
7060
7069
7070
7073
7077
7081
7082
7089
7098
7099
7101
7102
7103
7110
7116
7125
7128
7141
7160
7164
7168
7169
7178
7207
7210
7212
7216
7221
7234
7245
7250
7261
7272
7278
7280
7287
7295
7305
7313
7317
7319
7322
7327
7332
7337
7338
7347
7357
7359
7370
7380
7383
7384
7403
7409
7410
7412
7414
7415
7418
7428
7431
7441
7442
