4508
4512
4516
4517
4519
4527
4537
4544
4545
4549
4555
4556
4557
4558
4559
4561
4567
4577
4578
4579
4581
4582
4583
4587
4595
4600
4601
4606
4611
4612
4616
4619
4620
4621
4622
4625
4626
4629
4634
4635
4639
4641
4643
4648
4649
4652
4659
4663
4664
4665
4669
4672
4674
4678
4680
4683
4689
4690
4691
4692
4693
4698
4699
4701
4704
4705
4708
4710
4712
4722
4723
4724
4727
4730
4732
4738
4740
4741
4743
4744
4764
4776
4777
4780
4782
4792
4793
4798
4807
4809
4816
4823
4826
4829
4830
4832
4833
4834
4836
4838
4841
4847
4850
4853
4857
4862
4867
4869
4870
4872
4875
4880
4882
4884
4885
4888
4890
4892
4894
4895
4901
4911
4912
4913
4916
4917
4918
4919
4923
4924
4926
4929
4930
4932
4934
4935
4937
4940
4941
4942
4943
4944
4946
4948
4954
4963
4964
4969
4976
4986
5003
5005
5006
5007
5010
5011
5012
5021
5023
5025
5028
5029
5032
5033
5034
5035
5036
5037
5038
5039
5044
5046
5047
5049
5052
5057
5069
5070
5077
5079
5093
5101
5113
5114
5120
5123
5128
5131
5132
5133
5134
5135
5136
5138
5141
5144
5145
5148
5150
5168
5170
5175
5176
5178
5180
5189
5190
5194
5196
5197
5198
5201
5202
5203
5204
5210
5214
5222
5227
5229
5236
5237
5239
5242
5244
5245
5250
5252
5254
5257
5258
5259
5261
5264
5266
5267
5268
5272
5276
5278
5279
5290
5297
5299
5302
5304
5312
5314
5315
5316
5326
5327
5332
5333
5334
5339
5341
5344
5348
5351
5353
5354
5357
5358
5361
5362
5364
5365
5373
5375
5378
5380
5381
5387
5394
5395
5413
5414
5416
5418
5421
5422
5423
5426
5431
5433
5435
5439
5440
5441
5445
5446
5449
5455
5457
5474
5476
5521
5548
5552
5578
5585
5605
5703
5853
5892
6348
6407
6412
6433
6435
6437
6439
6450
6451
6452
6458
6469
6476
6477
6479
6485
6489
6496
6498
6500
6502
6506
6508
6517
6520
6521
6524
6535
6536
6552
6560
6561
6573
6575
6576
6583
6644
6647
6662
6663
6670
6683
6687
6691
6695
6697
6699
6702
6704
6707
6710
6715
6716
6720
6734
6739
6744
6751
6755
6759
6761
6762
6768
6775
6779
6784
6785
6799
6808
6813
6816
6821
6829
6830
6837
6838
6847
6857
6865
6897
6899
6900
6901
6905
6910
6917
6920
6921
6924
6931
6932
6936
6948
6961
6965
6966
6968
6972
6973
6977
6980
6982
6983
7002
7030
7033
7041
7044
7048
7051
7056
7075
7087
7105
7106
7107
7119
7129
7133
7137
7138
7139
7145
7147
7151
7167
7173
7180
7187
7192
7193
7195
7196
7210
7214
7217
7219
7226
7232
7233
7234
7245
7247
7248
7252
7257
7269
7277
7284
7285
7286
7300
7303
7329
7334
7336
7353
7370
7378
7379
7399
7413
7432
7433
7448
7472
7492
7500
7516
7525
7530
7532
7536
7538
7540
7541
7572
7580
7622
7638
7643
7644
7650
7696
7699
7740
7774
7776
7781
7787
7839
7844
7866
7867
7869
7882
7895
7903
7915
7970
7973
7977
7979
7995
7998
8020
8021
8036
8056
8063
8077
8080
8108
8136
8152
8156
8169
8178
8190
8202
8204
8215
8223
8224
8237
8246
8261
8283
8290
8325
8337
8338
8343
8347
8373
8380
8385
8391
8428
8432
8450
8451
8452
8454
8462
8464
8466
8467
8469
8471
8481
8495
8497
8499
8508
8511
8521
8522
8523
8524
8525
8534
8549
8560
8562
8571
8572
8574
8576
8577
8578
8584
8588
8592
8596
8599
8600
8601
8612
8621
8641
8643
8675
8676
8700
8701
8704
8720
8738
8742
8749
8755
8761
8774
8775
8779
8780
8782
8784
8789
8792
8798
8802
8804
8809
8811
8819
8821
8830
8833
8868
8878
8893
8898
8936
8944
8946
8996
9105
9134
9135
9138
9140
9142
9143
9148
9149
9153
9156
9168
9172
9183
9188
9190
9194
9206
9208
9209
9210
9214
9223
9227
9233
9236
9238
9239
9243
9246
9247
9251
9253
9254
9255
9256
9261
9262
9266
9268
9270
9276
9278
9285
9286
9287
9290
9291
9294
9305
9307
9308
9309
9310
9318
9319
9321
9325
9326
9328
9331
9335
9338
9339
9342
9345
9347
9349
9350
9351
9354
9356
9359
9364
9365
9366
9368
9369
9370
9371
9376
9378
9388
9391
9392
9393
9397
9402
9403
9404
9407
9408
9418
9421
9425
9428
9430
9433
9434
9443
9450
9452
9453
9454
9457
9459
9463
9468
9473
9474
9478
9480
9488
9489
9496
9497
9502
9508
9509
9513
9515
9516
9519
9522
9523
9525
9528
9532
9535
9539
9542
9544
9546
9549
9553
9556
9559
9562
9563
9566
9568
9569
9570
9571
9576
9581
9590
9596
9603
9604
9607
9613
9614
9626
9627
9633
9634
9637
9638
9648
9650
9656
9657
9660
9662
9663
9665
9668
9669
9673
9674
9675
9676
9684
9689
9692
9696
9697
9700
9702
9704
9720
9726
9727
9728
9729
9741
9742
9744
9746
9747
9750
9751
10294
10302
10304
10310
10315
10324
10325
10329
10331
10337
10338
10339
10344
10349
10350
10355
10362
10364
10371
10372
10379
10380
10381
10387
10392
10395
10396
10398
10399
10403
10413
10414
10415
10416
10421
10425
10426
10427
10429
10431
10432
10437
10438
10439
10443
10446
10447
10448
10451
10453
10455
10459
10461
10462
10465
10469
10474
10476
10479
10482
10483
10486
10488
10489
10490
10492
10493
10494
10495
10496
10497
10498
10499
10502
10507
10508
10510
10511
10513
10515
10516
10524
10529
10530
10531
10536
10538
10539
10548
10549
10550
10551
10558
10566
10568
10575
10576
10578
10581
10590
10592
10595
10598
10609
10611
10612
10683
10699
10720
10745
10838
